0.0
1.43127931551e-06
2.14691885958e-06
6.67930316922e-06
1.45513395182e-05
3.07725058519e-05
7.25181525922e-05
0.000141458105645
0.000263832480414
0.000499277899507
0.000861868669745
0.00141863629688
0.00220894091763
0.00322514935397
0.00445223273709
0.00598203158006
0.00776469008997
0.00972673576325
0.0117803830653
0.014062795788
0.0161994565278
0.0184308215976
0.0205135717988
0.022755432874
0.0246566478163
0.0266320519149
0.0286160428077
0.0303605347872
0.0319635681808
0.033271279186
0.0343807600439
0.0354308411479
0.036199439317
0.036627151072
0.0369763858616
0.0371343009174
0.0367938950658
0.0360586941242
0.0350684896111
0.0340644456446
0.0328800641
0.0310229789466
0.0294848307967
0.0275423452258
0.0255640782416
0.0236638169736
0.0214331690222
0.0196163989604
0.0175157580525
0.0154983690009
0.0136100342497
0.0118307154626
0.0102591710165
0.00865995511413
0.00723964907229
0.00599920703098
0.00494363857433
0.00400758208707
0.00328836403787
0.00252716219984
0.00205221585929
0.00161591428332
0.00125189230312
0.000956333125941
0.000753330008592
0.000565593887586
0.000407676037867
0.000330625509378
0.000232105783653
0.000165074205142
0.000122374374769
9.16018761927e-05
6.72701280564e-05
4.36540176452e-05
3.10110517603e-05
2.24233754125e-05
1.24044199765e-05
1.28815136122e-05
9.30331498239e-06
5.96366362515e-06
4.77093090012e-06
1.66982579231e-06
2.38546545006e-06
1.43127931551e-06
1.19273272503e-06
0.0
2.38546533637e-07
0.0
4.77093067275e-07
2.38546533637e-07
4.77093067275e-07
2.38546533637e-07
0.0
0.0
0.0
0.0
0.0
0.0
0.0
0.0
0.0
0.0
0.0
0.0
0.0
0.0
0.0
0.0
0.0
0.0
0.0
0.0
0.0
0.0
0.0
0.0
0.0
0.0
0.0
0.0
