0.0
1.22720894069e-06
1.34992978928e-06
6.13604424871e-06
1.85308545042e-05
3.44845684594e-05
7.46142977732e-05
0.000142969831359
0.000264218077064
0.000486465607537
0.000841251690872
0.00139668642078
0.00218725437298
0.00322228227742
0.00445403205231
0.00600546924397
0.00780517142266
0.0097738597542
0.011781450361
0.0140877440572
0.0162192843854
0.0184966158122
0.0205669160932
0.0229065902531
0.024798700586
0.0266254022717
0.0284916181117
0.0302385501564
0.0318336747587
0.0332562550902
0.034299261868
0.0353723317385
0.0361691601574
0.0366670377553
0.0370423197746
0.0369377620518
0.0366948954761
0.0359162315726
0.035161498934
0.034021422267
0.0326852351427
0.0312134437263
0.0293923895806
0.0275729298592
0.0256263297051
0.023681204766
0.0216129887849
0.0195678453892
0.0175211075693
0.015588497743
0.0136037329212
0.011906625703
0.0101841157302
0.00869367085397
0.00726237660274
0.00607345672324
0.00495080603287
0.00405052583665
0.00323234545067
0.00257873395458
0.00203876220621
0.00159144448116
0.00123592210002
0.000973053916823
0.000722335127648
0.000560098153073
0.000411728571635
0.000328278372763
0.000237833082792
0.000168863945873
0.000131556793349
9.15497803362e-05
6.67601634632e-05
4.20932665293e-05
3.00666179101e-05
2.12307131733e-05
1.44810646816e-05
1.11676008601e-05
6.62692809783e-06
4.17251021645e-06
3.43618489751e-06
3.31346404892e-06
2.08625510822e-06
7.3632531894e-07
8.59046224377e-07
9.81767129815e-07
4.90883564908e-07
2.45441782454e-07
2.45441782454e-07
2.45441782454e-07
1.22720891227e-07
0.0
0.0
0.0
0.0
0.0
1.22720891227e-07
0.0
0.0
0.0
0.0
0.0
0.0
0.0
0.0
0.0
0.0
0.0
0.0
0.0
0.0
0.0
0.0
0.0
0.0
0.0
0.0
0.0
0.0
0.0
